SP - TA - PURCHASE MANUAL - 0200/0210


60 00 48 00 00 02 00 30 3C 05 A2 00 C0 08 06 00 - `.H....0<.......
40 00 00 00 00 00 11 00 00 00 88 06 19 57 03 18 - @............W..
20 12 00 12 00 48 71 75 01 31 30 31 33 37 39 38 -  ....Hqu.1013798
35 38 30 30 30 30 30 30 30 30 30 34 32 33 34 35 - 5800000000042345
39 18 03 14 04 12 48 00 00 00 06 30 30 30 30 31 - 9.....H....00001
37 01 37 00 10 31 30 31 20 20 20 20 20 20 20 00 - 7.7..101       .
04 36 36 30 32 00 05 39 30 32 31 31 00 30 39 33 - .6602..90211.093
30 31 31 20 20 20 20 20 20 20 20 20 20 20 20 20 - 011             
20 20 20 20 20 20 46 30 32 38 30 32 00 40 53 44 -       F02802.@SD
54 43 30 31 35 37 30 30 31 31 31 31 30 30 30 30 - TC01570011110000
30 30 30 30 43 4E 30 31 33 20 20 20 20 20 20 20 - 0000CN013       
20 20 20 20 20 20 00 36 53 50 30 31 30 30 31 31 -       .6SP010011
30 32 30 30 31 31 30 33 30 30 31 32 30 34 30 31 - 0200110300120401
31 36 36 32 35 37 39 38 32 34 36 34 00 00 00 00 - 166257982464....



  : 60 00 48 00 00
  : 02 00
  : 30 3C 05 A2 00 C0 08 06 (303C05A200C00806)
                             303C05A200C00806