60 00 48 00 00 02 00 70 3C 05 A2 00 C0 08 06 16 - `.H....p<.......
40 12 00 00 77 77 77 77 00 40 00 00 00 00 00 20 - @...wwww.@..... 
00 00 00 84 05 41 55 03 18 20 12 00 12 00 48 71 - .....AU.. ....Hq
75 01 31 30 31 33 37 39 38 35 38 30 30 30 30 30 - u.10137985800000
30 30 30 30 34 32 33 34 35 39 18 03 14 04 12 48 - 0000423459.....H
00 00 00 06 30 30 30 30 31 33 01 37 00 10 31 30 - ....000013.7..10
31 20 20 20 20 20 20 20 00 04 36 36 30 32 00 05 - 1       ..6602..
39 30 32 31 31 00 30 39 33 30 31 31 20 20 20 20 - 90211.093011    
20 20 20 20 20 20 20 20 20 20 20 20 20 20 20 46 -                F
30 32 38 30 32 00 40 53 44 54 43 30 31 35 37 30 - 02802.@SDTC01570
30 31 31 31 31 30 30 30 30 30 30 30 30 43 4E 30 - 0111100000000CN0
31 33 20 20 20 20 20 20 20 20 20 20 20 20 20 00 - 13             .
36 53 50 30 31 30 30 31 31 30 32 30 30 31 31 30 - 6SP0100110200110
33 30 30 31 32 30 34 30 31 31 36 36 32 35 37 39 - 3001204011662579
38 32 34 36 34 00 00 00 00 00 00 00 00 00 00 00 - 82464...........






  : 60 00 48 00 00
  : 02 00
  : 70 3C 05 A2 00 C0 08 06 (703C05A200C00806)
*02: 
03: 
04: 
11:
12:
13:
14:
22:
24:
25:
27:
31:
41:
42:
53:
62:
63: