SP - TA - PURCHASE SWIPE - 0200/0210


60 00 48 00 00 02 00 30 38 05 A2 00 C0 08 06 00 - `.H....08.......
40 00 00 00 00 00 11 11 00 00 87 06 18 10 03 18 - @...............
00 22 00 48 00 75 01 31 30 31 33 37 39 38 35 38 - .".H.u.101379858
30 30 30 30 30 30 30 30 30 34 32 33 34 35 39 18 - 000000000423459.
03 14 04 12 48 00 00 00 06 30 30 30 30 31 36 01 - ....H....000016.
42 00 10 31 30 31 20 20 20 20 20 20 20 00 04 36 - B..101       ..6
36 31 30 00 05 39 30 32 31 31 00 30 39 33 30 31 - 610..90211.09301
31 20 20 20 20 20 20 20 20 20 20 20 20 20 20 20 - 1               
20 20 20 20 46 30 32 38 30 32 00 40 53 44 54 43 -     F02802.@SDTC
30 31 35 37 30 30 31 31 31 31 30 30 30 30 30 30 - 0157001111000000
30 30 43 4E 30 31 33 20 20 20 20 20 20 20 20 20 - 00CN013         
20 20 20 20 00 41 53 50 30 31 30 30 31 31 30 32 -     .ASP01001102
30 30 31 31 30 33 30 30 31 32 30 34 30 31 31 36 - 0011030012040116
36 32 35 37 39 38 32 34 36 34 30 35 30 30 30 00 - 625798246405000.



  : 60 00 48 00 00
  : 02 00
  : 30 38 05 A2 00 C0 08 06 (303805A200C00806)
                             303805A200C00806 - SCA