

0000 | 00 DD 60 00 48 00 00 03   20 30 3C 05 A2 0C C0 08 | ..`.H... 0<.....
0010 | 16 00 40 00 00 00 00 00   03 00 00 00 64 20 29 26 | ..@.........d )&
0020 | 02 04 20 04 00 21 00 48   00 75 01 31 30 30 30 30 | .. ..!.H.u.10000
0030 | 34 33 38 31 39 30 31 37   4F 4B 31 36 31 32 30 31 | 43819017OK161201
0040 | 33 36 36 37 39 38 30 30   30 30 30 30 30 30 31 31 | 3667980000000011
0050 | 34 32 38 32 32 18 02 01   20 26 24 00 00 00 22 30 | 42822... &$..."0
0060 | 32 30 30 30 30 30 30 36   32 30 30 30 30 30 30 30 | 2000000620000000
0070 | 30 30 33 30 30 00 06 30   30 30 30 31 34 00 96 00 | 00300..000014...
0080 | 46 53 50 30 31 30 30 31   31 30 36 30 30 34 30 30 | FSP0100110600400
0090 | 30 31 30 37 30 31 36 39   30 36 34 31 34 30 30 36 | 0107016906414006
00A0 | 39 34 35 33 33 33 36 31   30 30 30 33 30 30 31 00 | 945333610003001.
00B0 | 04 36 36 30 31 00 40 53   44 54 43 30 31 35 37 30 | .6601.@SDTC01570
00C0 | 30 31 31 31 31 30 30 30   30 31 30 30 30 43 4E 30 | 0111100001000CN0
00D0 | 31 33 20 20 20 20 20 20   20 20 20 20 20 20 20    | 13              


  : 00 DD 60 00 48 00 00
  : 03 20
  : 30 3C 05 A2 0C C0 08 16 (303C05A20CC00816)
03: 00 40 00
04: 00 00 00 00 03 00
11: 00 00 64
12: 20 29 26
13: 02 04
14: 20 04
22: 00 21
24: 00 48
25: 00
27: 75
31: 01 31
37: 30 30 30 30 34 33 38 31 39 30 31 37
38: 4F 4B 31 36 31 32
41: 30 31 33 36 36 37 39 38
42: 30 30 30 30 30 30 30 30 31 31 34 32 38 32 32
53: 18 02 01 20 26 24 00 00
60: 00 22 30 32 30 30 30 30 30 30 36 32 30 30 30 30 30 30 30 30 30 33 30 30
62: 00 06 30 30 30 30 31 34
63: 00 96 00 46 53 50 30 31 30 30 31 31 30 36 30 30 34 30 30 30 31 30 37 30 31 36 39 30 36 34 31 34 30 30 36 39 34 35 33 33 33 36 31 30 30 30 33 30 30 31 00 04 36 36 30 31 00 40 53 44 54 43 30 31 35 37 30 30 31 31 31 31 30 30 30 30 31 30 30 30 43 4E 30 31 33 20 20 20 20 20 20 20 20 20 20 20 20 20
	SP: 00 46 53 50 30 31 30 30 31 31 30 36 30 30 34 30 30 30 31 30 37 30 31 36 39 30 36 34 31 34 30 30 36 39 34 35 33 33 33 36 31 30 30 30 33 30 30 31
	66: 00 04 36 36 30 31
	SD: 00 40 53 44 54 43 30 31 35 37 30 30 31 31 31 31 30 30 30 30 31 30 30 30 43 4E 30 31 33 20 20 20 20 20 20 20 20 20 20 20 20 20
